%YAML:1.0
---
intrinsics: !!opencv-matrix
   rows: 3
   cols: 3
   dt: f
   data: [ 7.64684875e+02, 0., 6.45049377e+02, 0., 7.64584595e+02,
       5.01433411e+02, 0., 0., 1. ]
distortion_coeffs: !!opencv-matrix
   rows: 1
   cols: 4
   dt: f
   data: [ -3.07000000e-02, 4.65000011e-02, 0., 0. ]
